168 [0]
11 [1]
73 [2, 86]
70 [3, 33]
156 [4, 38]
119 [5]
88 [6, 49, 56]
65 [7]
77 [8, 90]
106 [9, 12]
30 [10]
15 [11]
68 [13]
97 [14, 99]
84 [15]
80 [16]
87 [17, 78, 80]
153 [18]
56 [19]
102 [20, 30]
99 [21, 58]
42 [22]
57 [23]
109 [24, 29]
19 [25]
200 [26, 79]
91 [27]
159 [28]
59 [31]
135 [32, 59]
151 [34]
89 [35, 94]
118 [36]
67 [37, 47]
66 [39, 76, 82]
129 [40]
185 [41, 96]
132 [42]
127 [43]
22 [44, 75]
190 [45]
136 [46]
184 [48]
96 [50]
16 [51]
178 [52]
158 [53]
45 [54]
93 [55]
103 [57, 95]
105 [60, 77]
123 [61]
175 [62]
31 [63]
55 [64, 73]
25 [65]
199 [66]
149 [67]
44 [68]
12 [69]
115 [70]
113 [71]
110 [72]
101 [74]
86 [81]
148 [83, 89]
191 [84]
180 [85]
53 [87]
28 [88]
138 [91]
170 [92]
165 [93, 98]
32 [97]
