130 [0, 32, 59]
100 [1, 46]
139 [2, 49, 71, 76]
127 [3, 50]
136 [4, 30, 78]
118 [5, 91, 95]
128 [6, 41]
109 [7]
120 [8]
142 [9, 54, 72]
138 [10]
105 [11, 34, 39]
126 [12, 98]
140 [13]
137 [14, 20, 74, 77, 92]
135 [15, 52, 63]
141 [16, 26, 61, 86]
146 [17, 28, 96]
119 [18, 83]
131 [19, 89]
112 [21, 25, 56, 99]
149 [22, 75]
104 [23, 80]
108 [24, 51, 94]
121 [27, 79]
150 [29, 47, 60, 82]
106 [31, 35, 44, 87]
143 [33]
122 [36, 37, 69, 84]
123 [38, 70]
115 [40, 85]
148 [42]
110 [43]
124 [45, 67, 81]
134 [48, 55]
101 [53, 65]
117 [57, 90]
103 [58, 68]
107 [62]
147 [64]
102 [66]
125 [73]
113 [88, 93, 97]
