151 [0, 23]
98 [1]
196 [2]
132 [3]
44 [4]
190 [5]
159 [6, 19]
117 [7]
178 [8]
46 [9]
37 [10]
73 [11, 28]
141 [12, 52]
176 [13]
26 [14, 61]
28 [15, 62]
35 [16, 95]
191 [17]
142 [18]
94 [20]
71 [21]
136 [22, 64, 69]
188 [24]
79 [25]
103 [26]
112 [27]
27 [29]
81 [30, 72]
154 [31, 65]
145 [32]
172 [33]
153 [34]
34 [35]
125 [36]
42 [37, 77]
104 [38]
144 [39]
147 [40, 63]
121 [41]
86 [42]
14 [43]
149 [44, 66]
69 [45]
128 [46]
51 [47, 99]
110 [48]
155 [49, 80]
152 [50]
123 [51]
199 [53]
56 [54, 85]
182 [55]
80 [56]
135 [57]
53 [58]
55 [59]
156 [60]
24 [67]
100 [68, 81]
49 [70]
12 [71]
111 [73]
143 [74, 90]
18 [75]
180 [76]
177 [78]
116 [79]
105 [82]
166 [83]
113 [84]
87 [86]
146 [87]
193 [88]
88 [89]
85 [91]
36 [92]
52 [93]
164 [94]
65 [96]
63 [97]
195 [98]
